-- stairs.txt
楼梯节点，每层对于每个楼梯确定一个节点
三层示例如下：
(521, 1070), (677, 486), (1930, 935), (2074, 215)
(452, 1070), (686, 510), (1930, 995), (2083, 250)
(452, 1070), (686, 510), (1930, 995), (2083, 250)

-- stairs_length.txt
楼梯长度信息，每个楼梯确定一个长度
三层示例如下：
14.123542483648926
14.554132897590412
15.741485505499117
14.821485505499115
14.123542483648926
14.554132897590412
15.741485505499117
14.821485505499115

-- stairs_width.txt
楼梯宽度信息，每个楼梯确定一个宽度
三层示例如下：
2.7
2.7
1.58
1.58
2.13
2.13
1.38
1.38

--factor.txt
每层都需要确定一个比例，可以点击与上一张相同进行复制
示例如下：
0.03626027397